$ANSIBLE_VAULT;1.1;AES256
32666566353735373932343463346630663333373932643231626565383034356263386338363264
6364353139343365393762373661303531383164313662660a353333363338656538383933306664
35623837376633306639393138616533623963613866373335376332353064613561653233616332
3234616335613535610a623830383833633631376339666366303862306131373031323838366432
39656530393831326461383538333261396635633530323939613061663562333435306264343561
62386636383866613834336232313639623235616261646338333738303633646130346332323161
61653732393662353038633730393231653661373831313563643031373361663739366633346331
65323862383162316463636533396463343166363161383962326337333133343032376532313937
66376332646636313531363832643332333831623433306362316532373238396130623862646432
61343764303563326539306432343834353330663263656138353635626138376334373430383063
30346433346134343463643531623436376533336339356639396464353864313832643965316534
65626234366365343666326263623931393334333435313738343030666264363534636364303934
34653434626162633637323934663035306533333864356261316162353263653736666165626532
30643239656536346531303861356430346261336432313331373237663462353263353964373833
61333238366639303933636630346535363761326132623162373434353161633933633732393731
30663839653234633936663839346166306162336436336164656436353839653535346633616233
36396633323032313630343162313338386235383833623632376532373138623566346136366365
33303664326664666663383231353433643934326330393639356263653865393662346462336234
31323933323133346466366130663635376534316637626239653230316638333034393961333566
38343264623636633537383862636562336532353537363531313665383535616232323237383039
35383864666436326431376534636562633963323964313761656165383339633962303362346336
32616664393337326663383165643838383031383264626663383130636363326437633437616237
62306161333066336534656434396236343837656263636332613733663730373332386664353561
34343533653034376664313732376432633561303433396238333333353738643662373335663365
63643030623937613961336162326132646636666664396231623837333563323331
