$ANSIBLE_VAULT;1.1;AES256
65653461643530303332653537323632643038316636313136323533653830333561326539356137
3233646664666261656534303365623665366132356266350a613565373334633262643761346631
63383331353634356362353862623566653632663932656566373035663233636335326464303035
3063663335333433360a356338653663356138636439623462666562373838376439393239366135
30366335393066383038616265333137666238373363343435656535616537366339646539323837
30303661363834323637356137623837383339323463326436373563363832363734326631383735
36656465323465376630353261643538616563306639333735366437373065323265383361323264
37393565623761396334616432393866333661613862396431623537323036373366626531353865
32316231343361326536303830393835363166343062373030353263373035333531386230393433
32656565333430336635616436383032386234343165316362323936383139383836333636653538
32616233376232616364663664363564643864666635316336616564373635383561663432346438
37353364356265323432356432346333633237333837383234663033306462336261366132393030
33323933643633633835333938376533383139396531623561626563633431613162373137353335
31636462323132366336383364656263333666636133396661356435313435353765376636646232
38626264393330633436616264373037393531643437333333373335373630353061313064646437
37393137316433363337373230343831366333663264333336386263633137643836373534663734
66666263633432663736343961326133613862383564333662306364303264323139373639623036
35623238626364643866393662336233393162376361323133613963353363643530366463643762
63313330333465643638633366343764383539383332393466343539636564343834306234643334
36353434373465666433336633366466653736623964663637316664666236326330626634613838
61313832346234373437386466326263613666313532663534633432626133633364316635323437
37386339326234316161336263343030353262333863623336306561663234623438633033646232
36333732363439613762313131616466303539323464363463353761663238633464653764653666
63643339666163333866316164336366636538636466373930376166313663336538303231383862
38613264326264306232663566626665346638366336316666646463636130333032
